86
47752
50437
52888
683
48978
91489
33958
77012
61047
68948
23275
74679
28821
77316
13023
86853
19860
61472
20352
62823
10481
29689
9276
59612
10139
64493
23672
68842
54315
59772
8508
60451
10161
58475
5069
81510
10966
59386
6796
53647
4989
30203
13776
52558
12649
68169
12828
62842
57309
70030
20218
80526
40976
84882
15712
91266
29661
83579
38478
91931
41837
45832
39620
81646
28267
79866
25746
70823
58904
70525
20663
73926
17405
78398
11779
87834
23150
73842
20528
69364
20567
33036
29672
76024
20978
69926
16841
66504
59654
75448
18648
75512
23558
79706
18391
95629
50284
98271
4832568388861047770122035261472927696891013959612543156884250695847549895364712828681692021870030296619126641837919312574679866206637052523150878342056769364168416992618648754485028495629